Key,Name,pos1_value,pos2_value,pos3_value,pos4_value,pos5_value
1,abaddon,0.34831460674157305,0.016853932584269662,0.22752808988764045,0.03932584269662921,0.36797752808988765
2,alchemist,0.707395498392283,0.1045016077170418,0.10610932475884244,0.03858520900321544,0.04340836012861737
3,ancient-apparition,0.0,0.014534883720930232,0.00872093023255814,0.0872093023255814,0.8895348837209303
4,anti-mage,0.849025974025974,0.05194805194805195,0.0762987012987013,0.011363636363636364,0.011363636363636364
5,arc-warden,0.4484536082474227,0.5283505154639175,0.010309278350515464,0.010309278350515464,0.002577319587628866
6,axe,0.003409090909090909,0.004545454545454545,0.975,0.015909090909090907,0.0011363636363636363
7,bane,0.007751937984496124,0.02131782945736434,0.03682170542635659,0.14147286821705427,0.7926356589147286
8,batrider,0.00516795865633075,0.3242894056847545,0.4827734711455642,0.12360034453057708,0.06416881998277348
9,beastmaster,0.006398537477148081,0.013711151736745886,0.9725776965265083,0.005484460694698354,0.0018281535648994515
10,bloodseeker,0.8845901639344262,0.02819672131147541,0.08196721311475409,0.0013114754098360656,0.003934426229508197
11,bounty-hunter,0.001053740779768177,0.014401123990165085,0.0874604847207587,0.59536354056902,0.301721109940288
12,brewmaster,0.01556420233463035,0.05058365758754864,0.6342412451361867,0.08949416342412451,0.21011673151750973
13,bristleback,0.1744186046511628,0.16279069767441862,0.627906976744186,0.03488372093023256,0.0
14,broodmother,0.2011173184357542,0.43575418994413406,0.35195530726256985,0.00558659217877095,0.00558659217877095
15,centaur-warrunner,0.0,0.006993006993006993,0.9370629370629371,0.013986013986013986,0.04195804195804196
16,chaos-knight,0.7703703703703704,0.018518518518518517,0.18518518518518517,0.003703703703703704,0.022222222222222223
17,chen,0.015113350125944584,0.005037783375314861,0.020151133501259445,0.10579345088161209,0.853904282115869
18,clinkz,0.032999164578111945,0.04427736006683375,0.04553049289891395,0.7101086048454469,0.1670843776106934
19,clockwerk,0.002012072434607646,0.03219315895372234,0.07645875251509054,0.4104627766599598,0.4788732394366197
20,crystal-maiden,0.0,0.0,0.0,0.06906077348066299,0.930939226519337
21,dark-seer,0.001445086705202312,0.0072254335260115606,0.9797687861271677,0.010115606936416185,0.001445086705202312
22,dark-willow,0.012269938650306749,0.053169734151329244,0.06134969325153374,0.6155419222903885,0.25766871165644173
23,dawnbreaker,0.039301310043668124,0.06986899563318777,0.5305676855895196,0.1222707423580786,0.23799126637554585
24,dazzle,0.0,0.12169312169312169,0.026455026455026454,0.07407407407407407,0.7777777777777778
25,death-prophet,0.002840909090909091,0.3465909090909091,0.5994318181818182,0.019886363636363636,0.03125
26,disruptor,0.0,0.007518796992481203,0.0010741138560687433,0.12352309344790548,0.8678839957035446
27,doom,0.031850961538461536,0.022235576923076924,0.8984375,0.031850961538461536,0.015625
28,dragon-knight,0.04697986577181208,0.3691275167785235,0.5369127516778524,0.020134228187919462,0.026845637583892617
29,drow-ranger,0.9668508287292817,0.011049723756906077,0.0,0.0055248618784530384,0.016574585635359115
30,earth-spirit,0.0027063599458728013,0.2787550744248985,0.12043301759133965,0.5466847090663058,0.05142083897158322
31,earthshaker,0.004761904761904762,0.19523809523809524,0.17777777777777778,0.5698412698412698,0.05238095238095238
32,elder-titan,0.013392857142857142,0.017857142857142856,0.32589285714285715,0.15625,0.48660714285714285
33,ember-spirit,0.015121951219512195,0.9663414634146341,0.008292682926829269,0.008292682926829269,0.001951219512195122
34,enchantress,0.009221311475409836,0.010245901639344262,0.06454918032786885,0.3012295081967213,0.6147540983606558
35,enigma,0.03125,0.025,0.8125,0.08125,0.05
36,faceless-void,0.9574468085106383,0.0050062578222778474,0.02002503128911139,0.006257822277847309,0.011264080100125156
37,grimstroke,0.0,0.0,0.008547008547008548,0.48717948717948717,0.5042735042735043
38,gyrocopter,0.21568627450980393,0.0196078431372549,0.0196078431372549,0.38235294117647056,0.3627450980392157
39,hoodwink,0.004901960784313725,0.024509803921568627,0.03431372549019608,0.7254901960784313,0.2107843137254902
40,huskar,0.08196721311475409,0.8313817330210773,0.06088992974238876,0.01639344262295082,0.00936768149882904
41,invoker,0.0,0.9164926931106472,0.0020876826722338203,0.054279749478079335,0.027139874739039668
42,io,0.023060796645702306,0.14465408805031446,0.029350104821802937,0.2389937106918239,0.5639412997903563
43,jakiro,0.002793296089385475,0.002793296089385475,0.025139664804469275,0.1005586592178771,0.8687150837988827
44,juggernaut,0.9846846846846847,0.0,0.006306306306306306,0.0036036036036036037,0.005405405405405406
45,keeper-of-the-light,0.0027548209366391185,0.047750229568411386,0.025711662075298437,0.7098255280073462,0.21395775941230485
46,kunkka,0.01875,0.73125,0.15625,0.0375,0.05625
47,legion-commander,0.07340485601355166,0.06549971767363072,0.8537549407114624,0.005081874647092038,0.002258610954263128
48,leshrac,0.021645021645021644,0.8874458874458875,0.06493506493506493,0.017316017316017316,0.008658008658008658
49,lich,0.0009208103130755065,0.001841620626151013,0.0,0.03406998158379374,0.9631675874769797
50,lifestealer,0.958904109589041,0.0,0.02054794520547945,0.0,0.02054794520547945
51,lina,0.0,0.6862745098039216,0.0196078431372549,0.2549019607843137,0.0392156862745098
52,lion,0.003663003663003663,0.007326007326007326,0.0,0.48717948717948717,0.5018315018315018
53,lone-druid,0.22310756972111553,0.5976095617529881,0.16733067729083664,0.00796812749003984,0.00398406374501992
54,luna,0.8540145985401459,0.014598540145985401,0.021897810218978103,0.072992700729927,0.0364963503649635
55,lycan,0.23417721518987342,0.37341772151898733,0.3670886075949367,0.012658227848101266,0.012658227848101266
56,magnus,0.35847797062750336,0.157543391188251,0.4552736982643525,0.01335113484646195,0.015353805073431242
57,marci,0.09617612977983778,0.16917728852838934,0.45654692931633833,0.1552723059096176,0.12282734646581692
58,mars,0.006968641114982578,0.06968641114982578,0.8745644599303136,0.0313588850174216,0.017421602787456445
59,medusa,0.8325330132052821,0.02220888355342137,0.06602641056422569,0.02581032412965186,0.05342136854741897
60,meepo,0.33175355450236965,0.6113744075829384,0.023696682464454975,0.018957345971563982,0.014218009478672985
61,mirana,0.024230517354289455,0.07531106745252128,0.07858546168958742,0.564505566470203,0.25736738703339884
62,monkey-king,0.5957592339261286,0.15253077975376197,0.0704514363885089,0.13953488372093023,0.041723666210670314
63,morphling,0.9171668667466987,0.07082833133253301,0.003601440576230492,0.003601440576230492,0.004801920768307323
64,muerta,0.7865612648221344,0.07509881422924901,0.06126482213438735,0.02766798418972332,0.04940711462450593
65,naga-siren,0.95578231292517,0.006802721088435374,0.02040816326530612,0.009070294784580499,0.007936507936507936
66,natures-prophet,0.19469026548672566,0.07079646017699115,0.20353982300884957,0.2831858407079646,0.24778761061946902
67,necrophos,0.029411764705882353,0.5514705882352942,0.40808823529411764,0.007352941176470588,0.003676470588235294
68,night-stalker,0.05747126436781609,0.034482758620689655,0.8390804597701149,0.04597701149425287,0.022988505747126436
69,nyx-assassin,0.0041797283176593526,0.05329153605015674,0.09717868338557993,0.6917450365726228,0.1536050156739812
70,ogre-magi,0.0024330900243309003,0.014598540145985401,0.5498783454987834,0.0851581508515815,0.34793187347931875
71,omniknight,0.036231884057971016,0.30144927536231886,0.45217391304347826,0.03768115942028986,0.17246376811594202
72,oracle,0.0008992805755395684,0.006294964028776978,0.007194244604316547,0.07823741007194245,0.9073741007194245
73,outworld-destroyer,0.0,0.9308510638297872,0.06382978723404255,0.005319148936170213,0.0
74,pangolier,0.008862629246676515,0.7981290004923683,0.17626784835056622,0.013293943870014771,0.0034465780403741997
75,phantom-assassin,0.9574468085106383,0.0,0.005319148936170213,0.02127659574468085,0.015957446808510637
76,phantom-lancer,0.9914320685434517,0.0012239902080783353,0.0012239902080783353,0.0012239902080783353,0.004895960832313341
77,phoenix,0.0,0.013824884792626729,0.09907834101382489,0.35714285714285715,0.5299539170506913
78,primal-beast,0.0,0.3659942363112392,0.4812680115273775,0.12103746397694524,0.03170028818443804
79,puck,0.0015455950540958269,0.9891808346213292,0.0061823802163833074,0.0015455950540958269,0.0015455950540958269
80,pudge,0.028838659392049885,0.041309431021044424,0.13795791114575215,0.5027279812938426,0.289166017147311
81,pugna,0.0006389776357827476,0.05878594249201278,0.03706070287539936,0.339297124600639,0.5642172523961662
82,queen-of-pain,0.002785515320334262,0.9476323119777159,0.020612813370473538,0.013370473537604457,0.015598885793871866
83,razor,0.4262295081967213,0.06557377049180328,0.47540983606557374,0.03278688524590164,0.0
84,riki,0.5121107266435986,0.22491349480968859,0.1782006920415225,0.050173010380622836,0.03460207612456748
85,rubick,0.0009086778736937755,0.025442980463425715,0.008632439800090867,0.7428441617446615,0.22217174011812812
86,sand-king,0.0,0.07017543859649122,0.8421052631578947,0.07017543859649122,0.017543859649122806
87,shadow-demon,0.0,0.0045871559633027525,0.013761467889908258,0.5779816513761468,0.4036697247706422
88,shadow-fiend,0.44773790951638065,0.5257410296411856,0.0093603744149766,0.0109204368174727,0.0062402496099844
89,shadow-shaman,0.012345679012345678,0.0,0.0,0.41975308641975306,0.5679012345679012
90,silencer,0.002886002886002886,0.012987012987012988,0.017316017316017316,0.2049062049062049,0.7619047619047619
91,skywrath-mage,0.0005724098454493417,0.011448196908986834,0.0045792787635947334,0.7664567830566685,0.2169433314253005
92,slardar,0.04938271604938271,0.012345679012345678,0.9135802469135802,0.012345679012345678,0.012345679012345678
93,slark,0.9605604566683965,0.010897768552153606,0.00934094447327452,0.005708354955889984,0.013492475350285417
94,snapfire,0.023769100169779286,0.14091680814940577,0.2563667232597623,0.3633276740237691,0.21561969439728354
95,sniper,0.3333333333333333,0.6111111111111112,0.016666666666666666,0.022222222222222223,0.016666666666666666
96,spectre,0.98989898989899,0.0,0.0,0.0,0.010101010101010102
97,spirit-breaker,0.0016857720836142953,0.06001348617666891,0.27478084962913013,0.4723533378287256,0.19116655428186108
98,storm-spirit,0.0027378507871321013,0.9883641341546886,0.0034223134839151265,0.0013689253935660506,0.004106776180698152
99,sven,0.9670138888888888,0.0,0.010416666666666666,0.003472222222222222,0.019097222222222224
100,techies,0.002325581395348837,0.011295681063122924,0.0069767441860465115,0.6129568106312292,0.36644518272425247
101,templar-assassin,0.5547169811320755,0.439622641509434,0.0018867924528301887,0.0,0.0037735849056603774
102,terrorblade,0.9778846153846154,0.0,0.006730769230769231,0.007692307692307693,0.007692307692307693
103,tidehunter,0.0,0.0049261083743842365,0.9408866995073891,0.009852216748768473,0.04433497536945813
104,timbersaw,0.019491525423728815,0.3101694915254237,0.6576271186440678,0.005932203389830509,0.006779661016949152
105,tinker,0.0103397341211226,0.9261447562776958,0.011816838995568686,0.03988183161004431,0.011816838995568686
106,tiny,0.0196078431372549,0.5434173669467787,0.05322128851540616,0.33613445378151263,0.047619047619047616
107,treant-protector,0.0,0.006802721088435374,0.02040816326530612,0.1360544217687075,0.8367346938775511
108,troll-warlord,0.864,0.048,0.032,0.016,0.04
109,tusk,0.0056657223796034,0.15864022662889518,0.07365439093484419,0.5410764872521246,0.22096317280453256
110,underlord,0.0072254335260115606,0.02023121387283237,0.9624277456647399,0.005780346820809248,0.004335260115606936
111,undying,0.0009124087591240876,0.0009124087591240876,0.07572992700729927,0.06478102189781022,0.8576642335766423
112,ursa,0.9564489112227805,0.01675041876046901,0.018425460636515914,0.0033500837520938024,0.005025125628140704
113,vengeful-spirit,0.01948051948051948,0.10064935064935066,0.16071428571428573,0.2727272727272727,0.44642857142857145
114,venomancer,0.006422018348623854,0.006880733944954129,0.1811926605504587,0.1669724770642202,0.6385321100917432
115,viper,0.053763440860215055,0.3225806451612903,0.5053763440860215,0.07526881720430108,0.043010752688172046
116,visage,0.015463917525773196,0.14561855670103094,0.7912371134020618,0.030927835051546393,0.01675257731958763
117,void-spirit,0.0796979865771812,0.8280201342281879,0.07508389261744966,0.012164429530201342,0.0050335570469798654
118,warlock,0.0,0.006134969325153374,0.0,0.03067484662576687,0.9631901840490797
119,weaver,0.5017543859649123,0.0912280701754386,0.1368421052631579,0.1649122807017544,0.10526315789473684
120,windranger,0.2867694283879255,0.2745664739884393,0.2842003853564547,0.11271676300578035,0.04174694926140013
121,winter-wyvern,0.03453815261044177,0.3156626506024096,0.38714859437751004,0.10120481927710843,0.1614457831325301
122,witch-doctor,0.0031847133757961785,0.0031847133757961785,0.15286624203821655,0.07643312101910828,0.7643312101910829
123,wraith-king,0.8636363636363636,0.0,0.07954545454545454,0.03409090909090909,0.022727272727272728
124,zeus,0.008658008658008658,0.7229437229437229,0.06493506493506493,0.11688311688311688,0.08658008658008658
